1000
3.9104510530738477 8.164806275434518
8.208328678611517 8.440574867668598
2.699309664855103 0.880443200009251
6.557997123393861 6.400275245013084
2.4189263630048297 2.0204118705653706
2.7932570727517003 3.0470117018313903
4.961722409755305 8.840295424696746
0.9694268009693652 8.923021333800946
9.946663722339531 3.465348844595578
0.16172481186578214 7.265898415293121
6.241659855170026 7.4538539063917195
7.16832236243485 9.105241382705557
5.112868306460977 0.44874985993800354
4.56133546616892 6.868895246254814
3.3572548900704846 8.002334170520717
7.87074515322876 0.3488247974473446
1.8312937238947236 1.5603233666642402
2.7917797503011643 0.5877252008108957
3.753966584501185 3.8907722106945752
1.2174496231053267 9.020667617378143
3.519042047776365 2.837879047553016
8.22287749043628 3.2242900186991728
9.175313619836352 6.60339943191005
4.250696792736164 8.663648289233395
4.734986157629813 7.742018222509247
9.57686896287347 0.6284350133430849
1.836221893169494 3.4704925069878954
2.080794115620704 4.186682256928073
0.9637058486775885 5.141256610287368
3.6955521904711217 1.9274571469095325
9.988023574020282 4.74593173180184
1.9144717750997464 9.903073231184246
7.253926743622403 2.3984371934076987
0.001698207852804945 6.815998555471672
4.364587388455056 5.36767828741806
6.01240395888283 4.902877793191297
1.3378732010147165 9.149516670964864
0.5667962441853336 6.479773249454926
5.121477228087227 6.459188593364875
3.273779243371072 7.947000554501945
5.504494850146751 0.8829049396501487
5.683380797970742 2.2216539102898403
4.74339438287497 0.15331530795841375
5.143130030925077 3.546710581217641
3.2680719950673587 6.1045051139204425
6.662239710058866 6.702455043305054
9.065277562398663 3.701977521002735
3.722227993409276 0.9123475280355031
4.281696485647313 5.2427221583806265
1.708287204315957 8.366296135264806
9.095277911821547 1.2105234711834445
0.9643536756246074 8.375783541005479
5.5581496785517785 1.3431262638589359
5.961603304222734 4.8576923222885195
9.170315574780401 1.418641211554521
0.31690635969918723 4.373098633281228
7.723703992591996 7.173868792600182
2.3834856738220553 5.995451810029286
3.9754379501176706 4.577229929041038
9.054735407220887 2.981902061504882
5.813638862151992 8.170509872586537
2.3949581490859453 5.088797868976106
8.770341454292781 6.789461682123433
2.3723271697435324 6.868308861978889
1.5327066292705382 5.997769999149609
8.87485349664382 1.3258160254045936
6.820884672339043 9.750824418382077
2.105159420785181 2.605832565716079
6.272558051960207 8.381592022223131
9.128051219181588 7.135796058165215
2.1109295439013365 1.8747839818735457
9.001346233559438 0.3654227899076934
6.79966188183664 6.9440655048011335
5.512179058283868 5.223229798538228
3.4893900054715434 4.592764470155343
6.523239989726931 0.027426826838736762
9.684227094891469 9.509564045681156
3.7555085815331246 0.686514403927172
0.4687901349045609 9.64333456472487
3.726140675036278 3.5028586575496923
9.360597183669555 6.017246020320663
2.0098282001323153 1.7979596035005307
3.2590954151482143 8.445778590742464
0.9548669236349927 8.919592581966757
8.684452546814315 6.211100679491963
1.475987642611637 4.115520971535066
3.8758403837203046 8.688694167759538
9.36219343492254 9.87708892795588
5.712304588879224 6.546436246684636
1.5906344246214077 0.7440869715453802
7.979446850575122 4.8345870569487746
6.506176684114574 2.0526519434185375
2.1023935718074815 7.411080883373921
9.455049619321766 0.9419368238606007
9.273636178901185 7.440528893474408
4.593963216044 6.707405565629251
1.7764818554932682 4.937345105751685
1.349538628958662 1.8869852868782522
4.5589555667753885 1.3253582721189727
2.984393247241568 5.822566749985701
6.983851356487873 2.942855144013582
0.9689064193643715 7.0321782123779455
4.886901527579135 7.921055876547819
1.4172601746884583 2.9183511084353952
8.757481957535237 4.747917878032622
7.484624718082502 5.130705443906688
9.896393006905825 9.404010416242754
5.421776430009131 0.23036348736332313
1.3621990545022133 4.162623904045119
5.1600053330767 6.509828753486434
8.748587175172482 3.559301303405217
9.44631035180792 1.526907482180705
3.8092753308776572 1.1603689733202116
9.518078838653146 9.7060162827892
5.726783445400445 5.135985483821725
1.4607264227607841 4.879317647271422
4.547766075829109 9.642912657277918
3.1735787509078026 2.4893762428952373
1.1551001754563606 3.8243531811013955
9.453699719654352 1.0119782928578813
9.734759625306872 3.6309935643544797
3.9896046771944937 1.0805596011223395
1.8420994214464148 5.804200728017188
5.7753880643933355 4.1449960763372795
6.152989280166878 2.58916729866727
0.4185556931593182 5.528773026909107
2.120221959548021 8.061535387774569
3.1598721932212728 7.487134291932355
9.633887806011813 0.6121884561834157
0.54238266414668 4.373242855693363
2.805240766886726 7.248738521504662
0.00042471438204794154 4.147789602907313
9.521466910858097 6.6630037410311544
0.4105072003672794 6.228823830162912
6.538560381302108 5.313168223716511
6.6330012321611775 3.0514520959872837
9.020879990204758 6.0218808466490135
8.356368281060735 6.7620596207214
5.903473789672834 1.561505987473808
4.683166420481587 5.174507619126278
9.488323879658 4.439208213292474
8.63162189601908 8.924286940471616
7.8957010229223 3.8504259033040533
8.836799079157721 5.5487168977576315
1.213996734288103 5.582485926180402
6.315074074764868 8.550090261029887
9.439038172697419 7.409435534243718
4.772174672850493 5.7892447646846446
8.12366387236981 3.115738289245502
3.622889387654644 5.223748937221217
9.750532496539265 1.4159819310410093
1.20013716293901 0.32930067507246474
9.018702552893995 6.547983955755333
0.26484283137027553 9.312304118116616
3.6792491268617633 8.48769081484172
5.6974342929965776 5.49071646383465
6.334247259522768 6.909825060409187
5.9577755808235295 3.9470808124432653
6.78216801170664 5.021550057358471
0.8501514633578444 8.608799433282838
1.175182759132013 0.5160193823417913
5.699363827913459 7.577867326558869
6.58513099166922 8.315770319740665
0.4386800395932644 5.311326309048936
1.3316466462127274 2.4383732467624455
9.369360679745766 8.940329437385605
4.775347848520699 5.159496772129657
6.054495660599954 3.33020072528476
2.6413385843563653 6.916671934433396
5.279705503336975 5.28893355049763
4.919915551491876 5.506817024673129
8.567176521080688 9.554911148035355
8.242354631528695 4.811651116151616
2.1044710148566126 6.504718261469985
9.318531620674463 7.8844748376863425
7.128894351915532 8.236988786613693
1.2587009138258187 5.71852116373024
2.075942647193462 0.950217355794718
2.472442590013725 4.617779569497361
8.060422164719835 6.435057314142929
4.162646984005557 3.1946537381355613
6.702018840307947 3.52857854811972
1.1089611254755571 3.3935053841568354
2.6046460385824686 1.6180066637108936
9.39997300090672 5.542226737146793
7.948388965709162 6.319572208244758
0.7177030421598207 9.09521595067895
0.960929173766274 8.307174259666521
5.743195996811979 6.417938050938233
3.9022457594100137 4.281433224166539
6.707535090469561 8.778561364981442
0.5813360967283776 8.138242935087646
2.771338636392351 2.285614785273735
1.2872714474519253 5.990867736966906
4.532723085947201 0.9142508501562385
7.6368350477130065 2.8516104355317062
6.4025329327628455 6.233849024388517
9.49660748668386 3.914551657217787
9.10025341159824 9.857839787036545
1.1276727271183717 7.957482189964625
1.8956328103926978 8.426292636002419
2.4588728473390775 4.5882541362868645
5.787221114676804 7.968473963155493
7.420616873392818 5.046958217995007
0.8955295474671687 4.214389541918393
2.7653737185937857 7.778800995703562
8.913996957835533 9.712276927828057
0.22686297260369748 8.530845562489894
1.472793560057618 7.674711192287406
1.8642033875374286 5.212309951394674
8.452213972487266 2.0408110998345674
1.090607381168559 6.080837899297313
6.5328265336403 0.5605282552860547
8.324376111745014 4.787244104925151
2.6079496116993592 2.7139193283133123
6.210530471065613 4.420189307677075
6.188630557021806 1.9481619550932427
4.009397711371314 4.9061058697288225
3.6550250227284486 3.9355110998322127
8.49481231836124 0.3920671185705704
0.38691638935471784 4.264575588570638
3.0660320913708117 8.158037911720594
7.007259431097461 5.8691715730784635
0.8113405688798869 6.049090927145101
6.18590136800672 8.815600134478677
4.415336196174685 1.8801923739710458
8.79036642944013 2.162651049798777
4.166117070729525 4.834809428239314
3.084365007232006 1.9669593469322166
9.201151809979972 9.836846095569067
7.695170361137791 0.2351740165228522
3.6813137177812196 7.370799497134567
9.418038750948714 4.86576150557457
7.746863558473284 5.645629788048424
4.696245092790999 9.488090191889626
5.160155876763777 8.915638890685301
1.4142952483282534 4.649627264580643
7.6102128832326255 5.861256496161928
6.757140535218596 5.414923817907678
6.495392088728341 4.607946356868558
7.411878046381587 9.304374555743408
7.928687739995626 6.832065194012838
8.292463166135228 4.198784292893663
1.4425591484152245 9.032418067253346
6.394560946329632 5.491217120136581
6.630065698941041 5.703292009350537
9.11239852333136 4.746050444292882
3.0092119722640867 8.772465997854916
9.382348914737344 1.0887882311675567
4.126863985404599 7.654819069367162
0.46991409576390697 9.288257310179047
9.972847755678057 2.96087376689027
5.303211502290939 4.687875586756128
3.8288403552438224 7.674882585045621
4.509512672137179 1.3337891063533514
9.229141155925136 3.1705583394251025
2.648617883751898 3.0058288099106214
6.222969111748525 0.4501599280100088
5.209396543437047 5.012064410500092
1.6623524666728773 3.6121020594925044
6.687856157609005 6.002417665114504
9.616039898926928 7.350693287628554
0.882685902833551 5.8124979549555285
2.638301155608953 5.097507435679662
3.931994900647817 4.065884780873159
4.588917621274364 6.428346104334716
1.3918910307931864 1.0358007608646813
2.5759044369875284 8.868830628787194
4.932887627008194 6.509899810234364
9.175774685973726 7.5507001802590885
1.6139411594275466 7.076186175757665
1.4514911465072189 5.993402260812988
8.587032178076614 4.468241565647001
6.121801285897709 8.123335546564133
3.9220988184722074 2.9081342810576483
1.8331718846840739 1.9701027610475552
2.389090052721208 2.4023311868151254
6.607006599860652 0.21956383982035033
0.953024362235031 4.189547157609893
8.505208113805336 5.435640861055467
8.574218930206008 0.9059439067980823
2.349771255692814 0.17089336819742895
6.3770114238722995 0.45978383166661696
5.095788385628337 7.585200188556497
5.32633488970241 2.3090148461428015
0.2829325341154998 8.349258515616505
5.492693991791414 5.33420452673295
7.01504334933769 3.9208739451168704
2.5779648548499665 8.036154298989862
5.924210263413459 0.7757816437499132
3.719613284211408 9.76867067258264
4.915877421919923 4.314204587819699
8.109205934384175 1.2247826084039315
7.004233019301921 7.889050326316342
9.435205961804662 5.1774599168328965
2.9963440535606702 3.6119877066957473
9.326257416600466 8.21345500149516
4.413548524647204 0.9395404255576434
7.544440128983321 8.01964758136699
7.755276642013098 4.773949907458416
1.4683958655715468 8.784765408111546
4.659803407915297 0.844477482397642
8.215537328518778 1.7900632285233453
3.245309543374063 4.669938145990237
2.3247069741792012 7.015562065047898
6.475847593977544 3.8128495987956157
1.222177431426733 0.26241397679606204
8.038952956656749 2.1937404409959225
7.053181660452973 3.1115378444569854
0.11887124576103969 8.706942191496763
9.751124598238196 8.419188405465382
4.445721758002118 0.31436520052632866
9.988095704795391 1.2911356809805075
1.9983083007976077 0.35468231233466874
1.9850405555900152 6.399809950121003
6.087543089783049 7.867557782839707
6.031850615803512 1.7523581987057302
9.200974791719739 0.9676211381252386
9.35415876747856 7.31706008602782
4.57346472871399 4.935061654890531
9.92261006038024 0.8462875584060681
7.554718763206734 3.8023156248911807
8.937034813649912 7.271250368526956
4.7236353663076684 6.074876323733075
9.54496502982031 9.809232256539575
2.5391277863889017 4.29411159535284
6.029829726625055 0.4738506080863425
9.626595806730023 4.098055152881214
9.812150714181984 0.7494611219061464
0.4472818038687765 5.971521209513916
1.8491394626622593 1.6547078664919734
8.644626293036875 4.260637049161378
6.826535139508944 1.0330519591483611
5.121799953715986 6.455396025399132
2.308931268813427 7.363729361046008
0.5344294078698797 9.717336617313165
4.2311143809621665 3.284770272178595
7.294038863358802 4.685969330422602
5.865966187482369 1.298670853997711
5.281311852650053 6.358102843712883
0.5290356105531213 8.063500250947897
4.246272332507784 3.9881650317597805
4.488387902487968 8.529289275831697
0.3669742793180397 6.210339343273345
1.5870234258982163 1.9093115394896143
1.0353072630557414 4.699747542344378
1.4816231574533445 4.422893032933067
1.7830335066994696 2.6116918663788615
2.5436404874297613 8.977808785124227
0.3152613218392786 9.853675436373756
1.798535337096645 8.901027623540566
2.793680544666417 0.011060466767660593
3.015610478932298 5.595489641165791
6.533726165930036 8.943132343750248
1.886895772287519 1.9788154734538632
8.197432647607286 1.1856787411733516
8.33146830816094 8.279562482205414
6.925219185722105 7.741606730552184
1.1060117447727968 6.029950980175201
4.566979780099155 0.49717253311323595
4.6359683287497235 2.614401909187798
8.058378838374994 8.825004916204382
4.429319619127674 9.875147776598864
8.801455037138789 4.516233803950868
1.5246458105126914 4.467370128470005
7.430962063512888 6.822065649775494
7.529960626110075 2.5739376493812696
4.285628501434962 1.6616832701640705
7.271095569047915 2.62934398276768
9.891549602289972 6.7296706985881185
2.387987027253 9.262139360810943
2.8523089383376963 7.438522834919919
2.1956219543890354 5.940050753091177
5.517101030649329 5.529676440893342
5.87900306137911 2.9790906933766204
5.623680976898168 8.57888146193005
4.673121654887883 2.291425805518239
2.5106069126121913 3.8504286223658246
4.486343211797328 0.21631579107102672
7.348859440185487 4.06883951519643
5.480302428115341 0.7626482067805973
3.033505805171167 5.695775189239346
7.7967413038689015 9.281968946847297
2.2781374599162163 7.290370854008122
2.2027813848621083 0.9909471341099774
4.780507338106857 1.8095818825449705
6.63115080832198 4.328016762344293
2.516990210028738 2.704272717896954
0.6013196335251381 5.578732694759482
7.661966313165765 3.5358350029126626
9.77656305919809 1.7397953054904303
8.759275571736685 6.215622758084962
9.073263251798599 2.2565378243301524
5.187799922715962 1.6135968068834683
0.7748295891774759 8.22131533670955
9.221430398952622 7.294908155264056
5.731317857771153 3.4514824061576843
5.508157972811418 6.235584955840581
3.5773575164236773 1.9298165755840224
4.355280282024311 1.9008326499475714
9.601255602045205 4.130272947667457
9.796862926482982 6.8428185024825
6.133808235116584 2.9835407546053148
0.5058194666619853 9.062535093470245
7.827828196210305 6.802655963985106
1.7952065601662148 4.997352192148204
9.03173144692461 3.368552100251626
7.806832506175425 5.310682308663372
9.060191538024485 3.885310228045553
7.0887408864085435 5.185993421560255
3.2514935561423686 9.83942438593083
2.218201985766719 5.276908591527899
3.692237590498607 1.3634699873576162
2.87828053122929 8.995180014959532
1.6490477369335232 4.737086692944522
1.483594972030361 1.1942171219024722
5.8865857760570055 0.18191369369971122
4.575846964270199 8.58224811151005
0.36000175909078336 8.882954364278241
1.2320713879425316 4.266584264479625
6.1649689350298775 0.8396691450246541
9.62551062946201 0.3837479172309499
6.306936187781384 9.083506909179125
1.2333686558211998 2.981236037850193
4.024118773908957 5.02811037213549
5.541955698297745 0.06497343752730478
5.011051500272288 1.4936225973070338
0.7351577221475425 3.8880855285873226
7.468819557601467 5.698510703328175
7.0032646066682975 4.2731442045658765
4.60765998129614 5.783412737696373
8.773314597173286 4.914471118555591
0.08405843789974221 0.7434376617933203
0.6760892202552793 6.8545647244080925
7.663197937662556 5.899945588591935
3.0804732679680424 7.834665760612384
9.489940099802162 2.4193721886594375
2.325047763375637 1.7750229333123013
2.255813816884653 8.714404767637914
9.477956629031613 8.905973337273078
8.525710882190799 2.761551175726349
5.631774920236201 0.10850670587746691
4.990491749716156 0.5109312977530067
6.484268002164479 3.0534960844608494
3.792637867002897 0.6125708207529967
9.726100997057072 9.405434620382238
0.9189519190644868 5.20709222048258
0.7395314062043179 2.000058994878029
9.816486570403596 9.528885059771259
1.421357431782474 3.593344271021711
6.422217000291475 2.393910765238809
8.39117665174758 8.42195389800273
7.269270852892794 3.5904596178556947
2.172297176756939 9.489893420251034
9.926282450195128 5.1113543494466445
9.918096142228483 8.859365428059387
6.584665094941907 2.90303357684516
0.08316310964851636 6.829299852423858
7.529202822603921 4.430885876229232
1.3629567761292094 4.560871842706135
0.5048009998987912 3.3537184063954917
0.21349761184630056 1.4163696510046497
8.814785045985156 8.761400946841068
1.448580054176084 9.901681978791515
5.545796526767354 1.3207760175821637
9.264886236818121 4.915712021196775
7.729604524733318 8.823981937700928
5.824214901717885 1.2976833113964237
4.306763960458405 2.2813377716561902
7.077895629917604 2.078257814564374
2.925235111506911 2.7838254635804716
9.375504652700833 7.287916750247182
9.507037664856659 9.406561110347889
3.686384362716394 9.879833179433618
6.862811764254485 2.462330048873198
5.583961165835321 4.13256195630307
5.33688233338225 4.386372450871752
4.867219538266419 8.850846302009566
4.162451317372424 3.78140002379053
2.9542313512298755 8.995950463652576
7.858155338154721 3.2520478873335588
5.411644720394224 2.2395917767063933
1.731940607713015 1.9692404043961964
1.0199241486160726 1.463010628387783
7.709338340868714 7.730734560168361
2.284316580526542 8.657361729253687
9.877409006919676 8.453512133642358
5.174743483109056 0.05651368454554051
0.3064637483148136 7.300365257286748
6.751639479238261 2.818918599648794
7.089910451008235 2.893324927227443
1.9147148000654834 2.5694481256716117
1.8997818027360247 9.5619458277989
5.34790962669568 5.251999794257277
3.5884452001103795 3.468595805931315
1.6463538876343098 8.611382046849892
9.44545035167582 7.789394520274798
4.255483131373491 9.283469637352567
2.773218993104596 3.462171066788734
0.5310339952327447 1.563680549608415
8.679588972940396 6.177152137417278
6.219280824365141 3.8635855417564793
7.267697849279207 3.213752639751317
9.249988700935763 9.811081917287725
6.809400756192047 2.598254338648003
7.612396090133318 8.79974157827329
3.6523448647637413 8.400648586095429
3.9744669765745155 2.6292440276125193
8.111291517192745 5.769233692764838
9.49984575264574 5.685883284288432
5.621390567931387 7.822804001454861
5.583461229906953 8.628226951854089
3.327145182875133 9.752033844431153
6.729865993147181 9.724700257935222
8.737836783984495 8.810130103727268
5.813208959787398 7.241583896322819
4.921365532385263 5.714429419350131
4.795006375668097 1.4867658073200996
5.356291953198465 4.692256456110615
6.444808367981658 5.550127610187364
4.982724766947984 6.4863344569345625
3.2062403602377785 7.53904092662993
2.2880069050460703 3.791998383899766
2.1020306005634968 4.44082140975784
1.6956798254512717 6.632595310836569
8.670251903111222 8.154085504974741
2.8792716093246753 4.0602261420627785
0.4105966142458217 9.029688121033736
5.156453297447615 3.3178371901068404
6.686502455896335 7.857884267243602
0.49447205718372356 6.383489539505762
8.930940354035034 2.2691229542770843
7.528699732213728 7.0594795676258935
0.8758292881781782 3.231541117439506
4.854104645879975 9.900267255951299
8.0597047197427 4.780532307304241
2.1959232236764867 8.172673630512818
2.940116338665862 6.608313286447323
8.524612856828712 3.866406323086753
3.061639708611499 8.495795361466852
5.273602973282366 8.287449986298647
7.084528948783834 6.540336368222434
2.4354811817183353 8.398652521972094
4.73474977448427 7.434577671068445
5.982890449453825 8.274000261253974
5.9983249734652855 4.042423763212261
2.6259435266043485 0.16714936850425244
0.8627360989970678 7.81374462566937
2.40461978158344 7.569937174789514
3.8733870486049673 5.641593720308919
1.9815893925883277 5.166943047093322
9.77089510166156 5.352941559921498
9.776338433227497 7.488401498480352
9.660578720017517 8.796849407245112
4.319424388632381 8.205699878949348
1.5455061811548576 6.112102450844543
0.5711188250480959 7.16342793468567
9.032189786617478 1.6939465029184753
2.327912948547324 0.9857198469689721
2.1936150828506573 4.7581425301010825
5.772917555978509 7.5523444156065
4.171316693422719 0.5291154579484048
0.7233203097261565 8.1673660489007
9.949945006824052 6.304510736523083
6.1113394076545635 0.7232191417295597
6.405848196936278 8.63437779081053
4.46887707515332 8.81986786474542
0.8778659089057239 2.509991948086079
0.7659930084961775 9.755904760866978
6.959905267485052 2.4160247294409554
1.8439515555889519 5.2381774222726225
8.703645040450013 2.7654638167584977
4.987954050401479 8.323104219795775
2.8384842565846835 2.1982818505726653
7.384256222006843 2.5625891166998094
8.445769609676368 0.0681310965060622
0.5871338356095657 4.502755069299937
9.116417609065628 9.191832559273086
4.601493925350022 9.453058869901465
5.402341325995389 4.311601965240147
4.6933584382110265 1.7066557450806674
6.642617722455913 2.8687750133565517
6.5107062515088305 4.071236371653381
4.819659631090037 4.407154439222905
9.55492847735976 7.725510180897455
5.37510394812478 9.980718759560899
9.51247439376268 8.6728304581987
0.48707388626876513 9.22066051528004
0.874067950785895 3.430340483084753
0.7504796860086571 6.668351475565887
4.919273290473204 8.641819536920403
2.98485405846038 1.4244582135505823
5.132063348439802 0.9198417341158949
6.519989196349851 7.381038673501186
3.051314941465831 2.748684389012488
7.682473911150409 3.7347806076009347
2.118192757870485 7.268259948693681
0.9161493870247417 7.316175312890638
7.816385839742946 2.6783905383296114
2.234115260192028 7.986897317133474
6.410146125452085 3.825971403148939
8.342426906608738 4.032745389187725
8.454600870263638 6.709392477276161
9.145024289110276 4.59054383977224
5.797042679469709 0.08623761051355094
1.5059721938080894 8.68178201852803
2.9625708431851914 8.496996306027768
9.0609201322137 7.011412007131258
4.550724384364968 3.734164128641111
3.141048268259964 7.469054077970979
2.283410209486961 5.699872276377404
6.053511533036247 3.6613107428219083
3.738405208271216 2.823219277272223
4.210927286630883 0.5006612963782053
1.557873972439533 4.846543241613922
5.237004310504214 7.371270326459317
3.807596604439988 7.346798250025622
6.260162688427174 7.206570900936971
6.300070016785001 7.8508435040083535
2.414435064484165 0.4628608177497251
4.03547904954482 9.80684331737099
7.1587425536165705 8.094953209775564
1.2723473046521172 6.4965050293573965
4.055163583918462 9.487604626618667
3.144663835428977 3.4570124691420103
1.5073189925943087 2.324307896434623
6.359367913552434 5.637823761427523
5.6514575213457405 8.984463402767258
3.121413445038818 3.659954526092457
8.082308416058577 8.202870610618364
4.0120694528645275 6.634377007021211
5.774552443376386 0.6156007861818802
0.45859550529175674 6.225815440109014
1.3751775564309154 2.303681319326538
8.225285424212549 5.5594219198956365
1.6914943390509563 4.233411625599023
7.99265903724068 2.7800039444126323
6.912195711210693 9.521096286828977
8.11136266466147 2.481769980280828
0.5515942373426108 6.006599023805885
0.7939348292609205 8.07717805023517
6.659094321673775 0.1005944242459178
0.7762252666482883 3.826836877721276
2.211297271839383 3.005503647763932
0.03053903584116613 8.1032954219639
5.0614310506112155 9.683836081314515
7.883526302353224 7.883677757685955
3.499807957826354 1.2856382369599106
7.696440514279418 0.5050220738084865
0.919665242161477 6.069041654021961
6.698463889165715 3.3628680280614076
1.6823767024161118 9.721361389067566
5.251640158453339 6.412352676223348
5.962394171356857 9.801755882394303
5.308506621421564 5.90608779079223
2.5950307810444126 8.721147807397053
8.891344651792357 1.1206187004996404
3.265005019746856 0.3040970413444932
4.469172246831246 8.165976211620627
5.319017459480967 3.512745814934146
8.54128430009711 2.316556641552113
4.169515813664204 2.3583627221289127
6.1838897383293325 9.167812835905886
7.377159195335573 1.0648891622917367
7.922702238267694 5.171362095308686
9.390888496727879 9.240928018158032
8.677665451076965 8.100268061136301
1.1198726814766757 1.0135063637688402
3.410988451788566 9.819008925505285
5.309372988186279 9.390337666138151
9.090774707547762 6.462259512636192
7.322276316146063 1.8931865026634365
0.16222756088030588 3.7357135933810492
3.8774974043429165 1.5575701501845685
3.1147511261139096 4.071578772741291
0.8079049551160677 1.5161832205787829
8.73332274302242 7.194368248764109
4.558874522460046 5.865370455411282
8.631773090555669 9.910365298958414
3.035875148141284 1.2931545256647492
0.6233186186356565 7.726598738009964
3.9648104510340856 4.291457417985254
0.060639475415423805 6.8493045725918815
1.556072315041953 6.094543241549841
4.908622815302781 0.9498862021618248
1.5492922539661846 7.617661588628738
7.636508951286373 9.057304274027077
5.505092111969258 9.47449192186818
2.4589420797633488 0.20158991177993135
4.458095550741483 7.770462912007016
7.568676198741272 4.458260980070166
2.1953316058069916 7.366678527153488
4.702218547605103 2.625491142588783
5.896316274843523 7.802114970540801
8.162433779905653 1.5442167606864377
6.579205734735818 3.4441740282982924
0.5748014944018998 8.297316866134759
2.56937278297078 6.239869766193814
5.5673875340616075 2.7352765327183945
8.783354170010183 2.7356913115868506
3.3383694213385007 0.9290396156498459
8.06820700156557 0.34228364900286024
0.3793287764903208 1.2379288979207559
9.193803048270032 6.55879058643404
9.146660725969891 5.3192283763958725
9.643834148408187 7.677200824358615
3.780289842693463 3.2470571649196223
0.6637928519738501 8.641070867110246
9.018036716864446 2.923886913257573
6.121751096855361 0.32335964789344196
4.621640935453318 5.718005802178004
1.2239315343395796 6.904120044621523
8.238318549242369 0.4028040880406192
9.810932953630203 5.668735569638345
9.268671204865004 9.122445696674937
5.433611040023191 9.887545718057616
7.501528411242056 8.845645218065762
8.66779645082455 6.061589949349287
1.2473178147651198 3.892777323623715
1.3659384765187377 7.064876358603069
8.554501065884537 9.704795811678403
8.740781816582745 6.750164699272803
8.386305027126323 5.505310283575473
1.7952253158070952 4.237761894050385
4.093623954717289 6.62908491562005
0.9686947952055791 0.6763192431847287
9.91523532332068 3.2526788711862595
1.3290770625626047 7.8643148613733524
4.349719613631792 9.82833087537504
6.8802942152434206 6.783761866536759
1.0693547599771158 4.124201397766894
6.488405747586835 5.06875512073003
1.77124730756262 9.5666779181955
6.382746531561427 4.553517953009941
7.789974070974362 8.089726870218206
7.011777021597166 0.34117131968152026
1.2768184018935236 6.965254759951587
4.896536159628953 2.8596164582450587
1.73356482228733 6.508261808921851
4.969047348862315 1.236388999299789
3.6528035643323453 7.114113166050441
2.717931285883183 5.029699211231118
8.413819421366023 6.270872299960535
3.445569700386933 9.680477108926786
9.318942781996027 2.3167209697515165
1.5189708331053675 7.874090005172887
9.657388841222788 2.695174435237304
3.9915014957827024 5.3515165247727206
7.905784012224562 4.325355519043277
0.3743351625061597 0.2776930555851087
0.8120265269324523 9.52823303633996
6.461546823618746 5.873362839851582
4.9386358930314405 8.286899337287233
4.273793104492113 2.2000610163596046
1.178734270799635 4.662504257726681
4.254854843244256 2.9824455429045917
3.057732085049617 0.7028325254124368
7.471236056774979 2.6132957790603664
4.759216064140474 5.131173269208472
8.91912263801029 6.803190244935267
5.901961984101144 1.611754053645762
0.4277953107774213 7.29149673224189
4.275297209062932 6.4551778374132756
8.655253650329659 1.563764063903852
1.7793887109164286 9.533865843781294
8.41103721409545 9.236224493422574
0.20549353058363695 9.551148898495889
4.552134571571694 6.762934892150151
1.5509074031995718 1.3916072370856136
4.434449149187003 8.726239117354853
6.3075908017392015 0.5889249249577078
7.777106658910632 5.024965153122972
4.009719075158382 8.29023715366293
9.325302861767547 9.678813993639588
8.86936489272108 3.1867751137837885
8.201348633451063 5.426646346852682
1.6654456183533917 3.3433946012664792
3.794472055498969 7.74910099685539
8.525759880474274 5.9887718880732415
0.915866272636211 4.101477739413299
4.515184125095496 0.7573077337555811
2.6201342330894706 2.4466306123485038
8.808643282496256 7.988868753037789
8.305260421129915 5.581934215560455
6.168592072161826 6.624459270347548
6.249245073161492 1.4938972243952098
0.5108427892832579 0.15178730700583287
2.4554334047389528 8.849887618879862
0.7999990180307304 1.5836425434651602
4.212167631195877 4.883361162379462
1.7710552618093933 4.233805412537613
9.57775015774991 7.798335990449278
7.062489913869379 1.6349588679226612
5.575856836612796 1.2375226931350691
2.1276655937042177 4.8266271660500735
1.5085324123063437 6.925008333028665
7.817279591198424 8.69599868063643
7.025764855834557 9.872920864913691
6.921104660767195 9.355211571905125
2.012504065656019 3.217747600805516
2.1835584822885945 0.7575901843406163
1.6382850597649024 4.155456609904552
4.4303652026118625 3.561407209967821
6.339156709491744 0.6731794250523082
4.61211666478426 9.231281632479206
4.358067257684679 6.545528950721029
6.3308595890757715 2.0666986643256036
6.501941024851686 4.984982756696361
0.2609002129124971 0.6316986586763618
7.292991279093633 7.784158579699901
4.663137713259232 1.7024577374946992
8.402589977751804 4.549437669825979
4.444433404498236 0.8580113446300164
4.8784861614012 9.940081411444817
9.081616906024443 8.198610715597091
9.44075356771863 0.15411095714844003
4.527297750400871 5.827174618177066
7.074747358667234 5.037925034075913
3.5061882748243303 7.656221372642712
0.22180784372877516 0.49275120064526057
6.670588819348632 7.6237954534560535
7.206318905416613 6.325729580344062
5.4093062237029965 0.5416223265463904
0.6872659597321984 5.381200854550112
9.402718941570129 7.466003556253286
1.0038159191648321 6.9892081991015695
1.3059796358999898 9.578954935480633
6.919200145448024 8.617106061864206
7.949993810562517 8.436208253776288
6.724467745027597 6.367262321568871
8.552670764306733 2.9331379915744904
3.098077426774346 7.967297749854088
2.8815550527870193 8.06234404407892
2.1720305004495364 1.6016420903298578
1.081301673813032 9.202377954413217
3.8235623005939647 3.9818406084857427
6.412212900964063 9.857921556326971
9.373446210277782 9.7512271304366
6.100468564433845 7.698126286905803
0.5447230684328919 8.617353988582407
4.44014731428592 9.662612839781715
4.813371471075518 4.716174599471308
6.139769985387181 2.7090711694519043
4.348951808560426 7.796089940144664
3.211708575241695 5.06330140923414
8.098729926466524 9.830601388828535
6.8024640130872 9.429800673465127
8.586915415085498 5.470284153399289
2.178069261315645 7.859909642451797
6.1739009783871746 7.404872087293177
6.389476154402263 9.813308126514492
1.1911185639931632 2.016225789418973
5.634334870046613 2.355379687660364
1.8502419387000846 6.810490590707358
3.227024718967577 5.698889920205639
1.036042699260239 6.377535090502495
4.1779949549760955 0.43706537367370846
2.282806795322685 0.5609456647090438
3.638125063043851 3.118051216994427
6.446405738017283 9.808900394380707
5.095237114783626 6.961398111472489
1.6104738240320493 4.038470540835944
4.328795135791941 1.6217943820155267
1.098702168432878 9.569132896845359
2.1092519901602613 8.757480521050567
8.278294568664151 7.809563438204422
6.112843993777075 0.42954507724795365
2.3227864876206175 7.796003881770433
5.3267470766475356 0.35123046307098504
8.377788369712425 0.941110288035778
3.6880930793289455 9.999959514274789
2.099343992155156 1.5913207563211496
4.254498337937202 5.665641570703167
2.3599979504211155 8.08746366239619
0.8490302742181532 6.622399998865598
2.6180150156770168 0.7874013921077727
1.6299728908798838 2.272446466882693
8.167480318148149 0.9197931487945654
5.776904439918081 4.501495110028712
4.227523516598543 6.90114721804618
9.46257881205831 6.1729774287418495
0.7967851253653968 0.31648820116403575
5.283373300241849 7.065761054052176
3.952987223969513 1.826100000431653
9.345548249141512 3.712457655908261
6.278444202699232 4.869925165578422
5.271758862348944 6.305854141479946
8.529576744594733 9.891159878059874
3.8872670566591463 3.1952236434971293
9.97367041937008 2.2537150511819872
4.625304908756551 5.0637658100915415
3.983390926002058 4.280946117351484
2.8768943539455405 7.525256875509786
4.858056383929654 5.565832363726562
6.26785034304227 8.209569888647332
2.0224008752628233 4.87045156550555
4.184804813911488 1.5182371578561615
8.64237802299829 4.590061347760241
5.665866493917406 2.4018372028328483
7.8457125299883845 7.080572235340976
0.4475099328804144 0.889549230219312
7.13801174907763 3.9948238019527684
6.362027145897901 5.565804956179896
2.104618212553034 1.9293219745142476
4.956651295515434 0.43369612090864096
9.726714111690892 4.21376918321368
4.368078205317757 0.5654042816075278
3.629595257214886 1.6209319911369402
1.7427499630885768 7.0068204068908555
1.8721553779570455 2.9818550336359118
9.305243692817266 5.45654709049943
5.225146767095371 4.287294824200162
4.162408083254544 6.795381403345839
2.057161745719486 2.0861768390998248
4.4513426555873234 7.286336279409635
0.8563775463435874 5.427429415491911
7.595736771244196 4.063120461014154
6.74380427315066 2.8136922175784598
8.921218037178335 9.545787841815576
6.746546757421407 2.255360231286506
3.150498380863981 9.219411731224737
1.2034333111359985 9.485368765458139
5.624302352972078 4.944330703879305
1.1617744701586363 1.073733621220898
1.9829133884271788 2.9473431895033277
0.08261825394906608 7.330440181764803
7.750089235516993 5.926056613308768
8.855563187598264 1.811925524971496
7.807133852690729 2.311577483067051
9.425225116284627 8.313200722560458
0.19258070254280613 9.551597779265368
1.7404132066952982 7.454899824829216
5.959551489131627 8.453047424925456
9.019612703420554 0.0784918035603499
3.0241676463134484 3.3966098672884346
2.139366527535538 8.528296558001287
1.310193573596501 0.6840201767705623
9.109773476359624 4.217373697227497
7.5866233842281305 0.7532534592255247
3.8463193904884543 7.337870617730275
9.056595342756745 4.227915636054869
5.1532009372374645 9.804275697952942
6.087046937082253 9.301895214006155
7.160333840524814 6.190355309719386
0.9465602223968039 4.904908731124297
5.652538264264013 0.9207174405934804
3.8113554076962863 4.315226585626687
3.179253659807475 0.7516543978286139
3.342062816950253 1.541168503740552
9.602409168042952 3.0556924999845503
0.03197520484135796 0.21103292488755754
4.820348932115689 8.938755809564949
9.68986517275119 1.0256184163142257
8.251986845258383 1.234462844243569
4.6353418098121635 1.3814173318869605
8.144632212351336 2.4967894755067412
9.666316658831429 3.428558684085443
4.759047629439116 7.5518378863424696
2.8192483497875864 7.685673131519238
8.123989966330068 8.285200903198872
3.355702471429023 5.8941088809539615
0.7713560630704452 2.247266112447628
5.75227614865197 8.419791575133207
9.54020815556131 8.053363040821784
6.472593635514956 2.5800125750791345
1.6883085691318023 3.7365999026304006
7.843035213429246 6.456931861892077
1.4964490788218576 5.153060079488143
0.7975927265701488 3.1832460384476216
3.3747948134956296 3.9491179330668267
3.64512302687769 0.9197584608389286
6.154826561954655 5.131565129752539
7.561706616294314 9.481489320359845
1.2279201284329877 8.049220009626652
0.7972805950742978 0.4756553278103015
7.028128324488092 6.122299638840118
0.7757356137253912 4.483053937046035
7.292785782116305 6.114066862112715
6.501878938290383 3.4939316798747178
6.160739233699669 1.6498337710447164
0.8723393778492861 3.4342074771861553
0.08340938322605296 3.1782811425509907
9.732800583561136 4.410064008250563
1.376145479173566 2.7587693664414337
3.0592096016177805 8.404433967292663
7.358739530892905 3.163854792124482
1.6758918990340876 5.813212459403428
4.1677679490169615 4.873250832102876
9.630251674948047 1.3758324127756516
3.7294079212690034 8.331268667849837
0.4420205495604035 7.546467387733879
5.126601922080055 7.11668728298751
9.495245390483634 8.68719423063502
6.582164454425653 9.85923357555753
6.741036816467063 8.323107243924907
0.8859606085188276 3.1212559396350006
6.667697108969516 4.406327341589903
0.14886621085877128 2.840797844160683
2.687035820516005 2.186369568548617
6.189866451854539 0.16607783772643714
